0,-19,80,47,60,83,-18,51
-19,0,-55,96,-52,15,-8,-9
80,-55,0,90,-40,81,53,-95
47,96,90,0,97,-86,-46,54
60,-52,-40,97,0,61,-44,-40
83,15,81,-86,61,0,-2,85
-18,-8,53,-46,-44,-2,0,92
51,-9,-95,54,-40,85,92,0
