0,-84,-72,-58,-25,21,91,11
-84,0,92,26,-40,99,-27,-65
-72,92,0,9,-70,-52,-16,58
-58,26,9,0,37,35,-5,40
-25,-40,-70,37,0,78,-55,20
21,99,-52,35,78,0,98,-75
91,-27,-16,-5,-55,98,0,-83
11,-65,58,40,20,-75,-83,0
