0,-62,-66,28,4,20,86,-20
-62,0,-89,88,-100,-56,62,27
-66,-89,0,58,0,-54,-64,53
28,88,58,0,62,-65,64,41
4,-100,0,62,0,-46,-76,9
20,-56,-54,-65,-46,0,-86,-25
86,62,-64,64,-76,-86,0,31
-20,27,53,41,9,-25,31,0
