0,-21,1,95,-32,-9,-23,40
-21,0,-5,34,73,-4,24,63
1,-5,0,37,-63,6,-73,-65
95,34,37,0,38,85,-85,-97
-32,73,-63,38,0,21,-93,-73
-9,-4,6,85,21,0,-85,-63
-23,24,-73,-85,-93,-85,0,90
40,63,-65,-97,-73,-63,90,0
