0,-30,-80,59,81,46,63,53
-30,0,92,3,97,-46,-6,-75
-80,92,0,-18,-75,-13,-42,80
59,3,-18,0,57,75,-23,64
81,97,-75,57,0,-43,86,-22
46,-46,-13,75,-43,0,-47,-3
63,-6,-42,-23,86,-47,0,1
53,-75,80,64,-22,-3,1,0
