0,32,81,21,-72,-70,-63,-54
32,0,17,-35,-44,47,55,48
81,17,0,-4,26,-46,-100,-99
21,-35,-4,0,82,52,47,76
-72,-44,26,82,0,14,-69,-4
-70,47,-46,52,14,0,-47,-97
-63,55,-100,47,-69,-47,0,56
-54,48,-99,76,-4,-97,56,0
