0,-44,-2,83,-56,78,90,90
-44,0,-79,21,-78,-35,-80,-15
-2,-79,0,-50,-36,-47,-95,-9
83,21,-50,0,-13,-36,-6,34
-56,-78,-36,-13,0,-72,-80,-100
78,-35,-47,-36,-72,0,75,-73
90,-80,-95,-6,-80,75,0,-97
90,-15,-9,34,-100,-73,-97,0
