0,-97,48,-38,5,35,-10,-94
-97,0,2,99,-79,40,-42,83
48,2,0,-83,72,42,-74,-14
-38,99,-83,0,-59,27,82,-11
5,-79,72,-59,0,75,61,78
35,40,42,27,75,0,-1,-22
-10,-42,-74,82,61,-1,0,51
-94,83,-14,-11,78,-22,51,0
